602.352941 568.888889 409.600000
602.352941 487.619048 538.947368
512.000000 487.619048 512.000000
445.217391 538.947368 487.619048
426.666667 640.000000 568.888889
426.666667 487.619048 602.352941
568.888889 445.217391 465.454545
512.000000 512.000000 568.888889
602.352941 538.947368 538.947368
512.000000 538.947368 538.947368
512.000000 538.947368 512.000000
512.000000 379.259259 465.454545
512.000000 512.000000 538.947368
538.947368 682.666667 568.888889
487.619048 538.947368 568.888889
512.000000 512.000000 512.000000
445.217391 568.888889 512.000000
512.000000 465.454545 445.217391
602.352941 602.352941 465.454545
538.947368 512.000000 602.352941
445.217391 538.947368 512.000000
445.217391 640.000000 426.666667
512.000000 512.000000 512.000000
512.000000 538.947368 465.454545
512.000000 640.000000 512.000000
682.666667 445.217391 602.352941
568.888889 602.352941 487.619048
487.619048 487.619048 568.888889
465.454545 487.619048 512.000000
538.947368 568.888889 538.947368
682.666667 538.947368 568.888889
512.000000 538.947368 568.888889
538.947368 538.947368 640.000000
445.217391 465.454545 602.352941
465.454545 538.947368 465.454545
465.454545 538.947368 640.000000
602.352941 465.454545 409.600000
538.947368 538.947368 731.428571
512.000000 465.454545 512.000000
602.352941 568.888889 538.947368
487.619048 512.000000 602.352941
602.352941 445.217391 640.000000
465.454545 602.352941 538.947368
538.947368 512.000000 538.947368
512.000000 512.000000 538.947368
487.619048 445.217391 465.454545
538.947368 538.947368 512.000000
538.947368 640.000000 512.000000
445.217391 465.454545 568.888889
602.352941 487.619048 512.000000
465.454545 602.352941 538.947368
568.888889 426.666667 465.454545
538.947368 640.000000 426.666667
640.000000 568.888889 487.619048
682.666667 602.352941 602.352941
465.454545 568.888889 640.000000
512.000000 445.217391 568.888889
568.888889 602.352941 426.666667
538.947368 512.000000 568.888889
426.666667 602.352941 538.947368
512.000000 568.888889 602.352941
602.352941 512.000000 602.352941
568.888889 487.619048 640.000000
602.352941 465.454545 465.454545
602.352941 538.947368 602.352941
568.888889 538.947368 538.947368
538.947368 568.888889 512.000000
465.454545 512.000000 602.352941
538.947368 487.619048 409.600000
538.947368 512.000000 602.352941
568.888889 640.000000 538.947368
640.000000 538.947368 512.000000
465.454545 512.000000 465.454545
512.000000 512.000000 602.352941
538.947368 640.000000 538.947368
445.217391 512.000000 465.454545
487.619048 487.619048 393.846154
602.352941 538.947368 568.888889
568.888889 445.217391 426.666667
487.619048 512.000000 512.000000
568.888889 602.352941 538.947368
602.352941 487.619048 568.888889
538.947368 568.888889 393.846154
568.888889 512.000000 602.352941
487.619048 538.947368 640.000000
602.352941 512.000000 538.947368
445.217391 512.000000 512.000000
538.947368 568.888889 487.619048
538.947368 487.619048 682.666667
538.947368 487.619048 512.000000
568.888889 640.000000 602.352941
487.619048 445.217391 487.619048
568.888889 512.000000 568.888889
602.352941 487.619048 487.619048
512.000000 445.217391 602.352941
512.000000 640.000000 512.000000
445.217391 512.000000 602.352941
568.888889 465.454545 487.619048
568.888889 640.000000 568.888889
602.352941 602.352941 487.619048
487.619048 426.666667 512.000000
538.947368 512.000000 445.217391
602.352941 512.000000 538.947368
445.217391 512.000000 538.947368
568.888889 538.947368 465.454545
487.619048 640.000000 568.888889
568.888889 512.000000 487.619048
445.217391 487.619048 512.000000
512.000000 602.352941 538.947368
487.619048 602.352941 487.619048
487.619048 568.888889 568.888889
538.947368 487.619048 512.000000
445.217391 512.000000 487.619048
512.000000 512.000000 538.947368
640.000000 465.454545 568.888889
538.947368 512.000000 538.947368
465.454545 640.000000 568.888889
538.947368 602.352941 512.000000
512.000000 465.454545 487.619048
445.217391 445.217391 512.000000
487.619048 568.888889 568.888889
512.000000 512.000000 465.454545
602.352941 538.947368 568.888889
512.000000 602.352941 512.000000
538.947368 512.000000 568.888889
465.454545 538.947368 512.000000
538.947368 538.947368 445.217391
512.000000 465.454545 465.454545
512.000000 465.454545 445.217391
538.947368 487.619048 512.000000
512.000000 682.666667 512.000000
512.000000 512.000000 487.619048
568.888889 487.619048 538.947368
487.619048 487.619048 465.454545
512.000000 445.217391 487.619048
538.947368 538.947368 538.947368
512.000000 409.600000 568.888889
512.000000 512.000000 538.947368
640.000000 568.888889 487.619048
568.888889 538.947368 602.352941
487.619048 512.000000 538.947368
465.454545 487.619048 512.000000
602.352941 512.000000 602.352941
538.947368 465.454545 568.888889
512.000000 538.947368 512.000000
512.000000 538.947368 568.888889
426.666667 568.888889 487.619048
602.352941 487.619048 512.000000
445.217391 602.352941 568.888889
568.888889 602.352941 538.947368
512.000000 465.454545 512.000000
512.000000 538.947368 512.000000
602.352941 568.888889 640.000000
487.619048 512.000000 538.947368
602.352941 487.619048 682.666667
538.947368 538.947368 640.000000
538.947368 538.947368 393.846154
568.888889 487.619048 568.888889
465.454545 568.888889 538.947368
487.619048 487.619048 568.888889
602.352941 487.619048 487.619048
465.454545 538.947368 487.619048
487.619048 487.619048 487.619048
640.000000 568.888889 445.217391
512.000000 538.947368 487.619048
465.454545 465.454545 445.217391
465.454545 487.619048 465.454545
640.000000 487.619048 568.888889
512.000000 487.619048 568.888889
445.217391 538.947368 538.947368
602.352941 465.454545 538.947368
426.666667 568.888889 487.619048
445.217391 487.619048 465.454545
393.846154 538.947368 487.619048
512.000000 568.888889 487.619048
487.619048 426.666667 568.888889
538.947368 568.888889 487.619048
602.352941 512.000000 538.947368
512.000000 568.888889 487.619048
465.454545 538.947368 538.947368
602.352941 512.000000 512.000000
487.619048 538.947368 538.947368
487.619048 538.947368 538.947368
568.888889 465.454545 538.947368
512.000000 602.352941 465.454545
640.000000 640.000000 538.947368
487.619048 538.947368 512.000000
602.352941 538.947368 487.619048
640.000000 538.947368 512.000000
538.947368 512.000000 465.454545
487.619048 538.947368 487.619048
512.000000 568.888889 512.000000
465.454545 538.947368 465.454545
602.352941 538.947368 538.947368
538.947368 487.619048 568.888889
538.947368 487.619048 445.217391
426.666667 426.666667 538.947368
487.619048 512.000000 568.888889
538.947368 640.000000 487.619048
568.888889 538.947368 512.000000
512.000000 487.619048 568.888889
538.947368 602.352941 538.947368
512.000000 602.352941 487.619048
568.888889 602.352941 568.888889
538.947368 538.947368 568.888889
640.000000 512.000000 465.454545
568.888889 538.947368 538.947368
602.352941 568.888889 602.352941
512.000000 538.947368 512.000000
512.000000 568.888889 538.947368
602.352941 568.888889 602.352941
538.947368 512.000000 538.947368
538.947368 426.666667 465.454545
512.000000 487.619048 602.352941
512.000000 568.888889 640.000000
512.000000 602.352941 538.947368
602.352941 731.428571 640.000000
512.000000 487.619048 568.888889
512.000000 426.666667 538.947368
568.888889 409.600000 602.352941
568.888889 487.619048 602.352941
465.454545 568.888889 602.352941
602.352941 538.947368 538.947368
512.000000 426.666667 487.619048
538.947368 426.666667 512.000000
512.000000 465.454545 538.947368
512.000000 568.888889 512.000000
487.619048 640.000000 568.888889
487.619048 602.352941 487.619048
465.454545 487.619048 445.217391
538.947368 568.888889 602.352941
465.454545 426.666667 426.666667
538.947368 465.454545 512.000000
445.217391 487.619048 445.217391
487.619048 487.619048 465.454545
487.619048 487.619048 512.000000
487.619048 465.454545 538.947368
602.352941 640.000000 640.000000
538.947368 640.000000 568.888889
512.000000 487.619048 682.666667
602.352941 640.000000 602.352941
512.000000 538.947368 445.217391
512.000000 512.000000 512.000000
512.000000 568.888889 487.619048
487.619048 512.000000 465.454545
538.947368 538.947368 538.947368
512.000000 568.888889 445.217391
602.352941 602.352941 487.619048
602.352941 512.000000 445.217391
487.619048 568.888889 568.888889
602.352941 487.619048 538.947368
538.947368 487.619048 465.454545
568.888889 568.888889 538.947368
538.947368 487.619048 602.352941
465.454545 682.666667 409.600000
426.666667 445.217391 487.619048
512.000000 512.000000 538.947368
512.000000 568.888889 512.000000
465.454545 538.947368 445.217391
682.666667 538.947368 487.619048
568.888889 568.888889 465.454545
512.000000 568.888889 568.888889
538.947368 602.352941 465.454545
487.619048 602.352941 512.000000
568.888889 512.000000 512.000000
568.888889 602.352941 512.000000
487.619048 538.947368 465.454545
640.000000 487.619048 512.000000
487.619048 538.947368 568.888889
426.666667 445.217391 640.000000
487.619048 426.666667 512.000000
487.619048 568.888889 568.888889
426.666667 512.000000 465.454545
512.000000 445.217391 512.000000
538.947368 465.454545 487.619048
512.000000 512.000000 602.352941
512.000000 538.947368 538.947368
568.888889 512.000000 487.619048
538.947368 538.947368 568.888889
465.454545 602.352941 602.352941
465.454545 465.454545 512.000000
640.000000 640.000000 640.000000
512.000000 640.000000 512.000000
538.947368 602.352941 682.666667
465.454545 487.619048 602.352941
409.600000 568.888889 568.888889
538.947368 487.619048 426.666667
512.000000 512.000000 487.619048
487.619048 512.000000 602.352941
512.000000 538.947368 640.000000
487.619048 538.947368 568.888889
465.454545 538.947368 568.888889
602.352941 465.454545 568.888889
487.619048 568.888889 640.000000
512.000000 465.454545 487.619048
538.947368 445.217391 487.619048
640.000000 538.947368 568.888889
538.947368 512.000000 538.947368
512.000000 538.947368 568.888889
640.000000 568.888889 487.619048
538.947368 512.000000 465.454545
568.888889 512.000000 640.000000
512.000000 538.947368 426.666667
487.619048 568.888889 602.352941
487.619048 487.619048 568.888889
538.947368 512.000000 465.454545
487.619048 487.619048 538.947368
465.454545 568.888889 602.352941
538.947368 445.217391 568.888889
512.000000 640.000000 568.888889
445.217391 640.000000 512.000000
602.352941 487.619048 445.217391
602.352941 445.217391 512.000000
568.888889 538.947368 512.000000
538.947368 602.352941 682.666667
487.619048 568.888889 568.888889
487.619048 465.454545 538.947368
602.352941 602.352941 512.000000
538.947368 512.000000 512.000000
465.454545 512.000000 512.000000
538.947368 602.352941 445.217391
512.000000 568.888889 465.454545
568.888889 640.000000 512.000000
512.000000 602.352941 409.600000
487.619048 538.947368 640.000000
568.888889 465.454545 568.888889
445.217391 538.947368 602.352941
538.947368 538.947368 640.000000
538.947368 465.454545 512.000000
538.947368 640.000000 465.454545
538.947368 465.454545 465.454545
487.619048 538.947368 512.000000
409.600000 538.947368 602.352941
487.619048 640.000000 445.217391
487.619048 640.000000 512.000000
602.352941 445.217391 487.619048
568.888889 465.454545 512.000000
487.619048 465.454545 640.000000
465.454545 568.888889 512.000000
602.352941 512.000000 487.619048
538.947368 512.000000 465.454545
426.666667 487.619048 568.888889
640.000000 640.000000 568.888889
512.000000 512.000000 602.352941
487.619048 538.947368 512.000000
568.888889 538.947368 409.600000
602.352941 568.888889 487.619048
512.000000 487.619048 487.619048
568.888889 465.454545 538.947368
538.947368 568.888889 512.000000
538.947368 512.000000 568.888889
512.000000 568.888889 487.619048
512.000000 568.888889 538.947368
512.000000 568.888889 568.888889
568.888889 538.947368 538.947368
568.888889 465.454545 487.619048
568.888889 393.846154 538.947368
487.619048 538.947368 426.666667
538.947368 568.888889 426.666667
538.947368 568.888889 602.352941
512.000000 640.000000 568.888889
568.888889 487.619048 465.454545
465.454545 568.888889 487.619048
512.000000 465.454545 445.217391
512.000000 568.888889 445.217391
512.000000 487.619048 487.619048
568.888889 512.000000 538.947368
538.947368 568.888889 487.619048
538.947368 568.888889 568.888889
538.947368 512.000000 538.947368
465.454545 568.888889 512.000000
640.000000 682.666667 538.947368
568.888889 568.888889 538.947368
465.454545 538.947368 568.888889
538.947368 512.000000 602.352941
465.454545 512.000000 538.947368
568.888889 568.888889 487.619048
568.888889 512.000000 426.666667
538.947368 487.619048 487.619048
512.000000 602.352941 426.666667
487.619048 465.454545 640.000000
568.888889 487.619048 379.259259
487.619048 512.000000 445.217391
538.947368 538.947368 487.619048
568.888889 487.619048 568.888889
512.000000 393.846154 640.000000
538.947368 465.454545 409.600000
640.000000 538.947368 512.000000
538.947368 602.352941 568.888889
602.352941 538.947368 568.888889
426.666667 538.947368 538.947368
538.947368 445.217391 568.888889
465.454545 568.888889 512.000000
445.217391 445.217391 568.888889
512.000000 568.888889 538.947368
602.352941 538.947368 512.000000
538.947368 538.947368 512.000000
487.619048 487.619048 512.000000
568.888889 487.619048 538.947368
538.947368 568.888889 487.619048
602.352941 487.619048 538.947368
602.352941 538.947368 538.947368
512.000000 538.947368 512.000000
568.888889 538.947368 538.947368
538.947368 602.352941 538.947368
538.947368 640.000000 512.000000
568.888889 512.000000 602.352941
538.947368 568.888889 512.000000
445.217391 445.217391 568.888889
602.352941 426.666667 512.000000
512.000000 538.947368 538.947368
465.454545 487.619048 445.217391
445.217391 465.454545 640.000000
487.619048 487.619048 512.000000
602.352941 602.352941 568.888889
568.888889 538.947368 568.888889
568.888889 487.619048 487.619048
602.352941 568.888889 512.000000
538.947368 426.666667 512.000000
538.947368 568.888889 487.619048
445.217391 568.888889 568.888889
640.000000 487.619048 465.454545
538.947368 602.352941 538.947368
568.888889 538.947368 538.947368
487.619048 512.000000 568.888889
487.619048 538.947368 538.947368
538.947368 568.888889 512.000000
487.619048 512.000000 640.000000
538.947368 487.619048 568.888889
512.000000 538.947368 487.619048
465.454545 568.888889 538.947368
487.619048 445.217391 512.000000
640.000000 602.352941 487.619048
465.454545 512.000000 568.888889
487.619048 568.888889 487.619048
487.619048 512.000000 538.947368
445.217391 568.888889 465.454545
568.888889 568.888889 512.000000
512.000000 538.947368 568.888889
568.888889 426.666667 512.000000
426.666667 512.000000 465.454545
538.947368 568.888889 568.888889
538.947368 465.454545 487.619048
568.888889 487.619048 568.888889
568.888889 602.352941 568.888889
512.000000 538.947368 602.352941
465.454545 512.000000 487.619048
512.000000 487.619048 602.352941
602.352941 568.888889 512.000000
538.947368 568.888889 640.000000
640.000000 640.000000 512.000000
538.947368 512.000000 512.000000
602.352941 512.000000 512.000000
487.619048 538.947368 426.666667
568.888889 426.666667 512.000000
602.352941 538.947368 512.000000
538.947368 602.352941 445.217391
465.454545 487.619048 538.947368
512.000000 568.888889 602.352941
538.947368 512.000000 538.947368
512.000000 512.000000 538.947368
487.619048 487.619048 640.000000
512.000000 568.888889 568.888889
465.454545 568.888889 512.000000
487.619048 512.000000 568.888889
445.217391 465.454545 512.000000
640.000000 538.947368 568.888889
538.947368 512.000000 602.352941
602.352941 487.619048 682.666667
487.619048 512.000000 487.619048
445.217391 568.888889 538.947368
602.352941 445.217391 512.000000
538.947368 568.888889 568.888889
512.000000 538.947368 512.000000
512.000000 682.666667 445.217391
487.619048 538.947368 393.846154
538.947368 602.352941 487.619048
538.947368 512.000000 512.000000
538.947368 538.947368 445.217391
487.619048 538.947368 512.000000
512.000000 512.000000 602.352941
568.888889 465.454545 602.352941
487.619048 487.619048 538.947368
445.217391 538.947368 640.000000
568.888889 465.454545 512.000000
393.846154 465.454545 512.000000
568.888889 538.947368 640.000000
538.947368 538.947368 487.619048
602.352941 568.888889 445.217391
602.352941 487.619048 487.619048
568.888889 602.352941 445.217391
512.000000 445.217391 538.947368
512.000000 445.217391 465.454545
568.888889 682.666667 538.947368
445.217391 538.947368 538.947368
487.619048 445.217391 426.666667
538.947368 538.947368 487.619048
568.888889 538.947368 512.000000
487.619048 487.619048 487.619048
538.947368 487.619048 602.352941
538.947368 445.217391 445.217391
487.619048 538.947368 487.619048
602.352941 538.947368 602.352941
602.352941 512.000000 512.000000
426.666667 640.000000 640.000000
602.352941 512.000000 568.888889
465.454545 538.947368 487.619048
538.947368 487.619048 487.619048
512.000000 512.000000 568.888889
640.000000 512.000000 568.888889
487.619048 538.947368 538.947368
538.947368 538.947368 640.000000
602.352941 512.000000 445.217391
487.619048 512.000000 602.352941
568.888889 512.000000 465.454545
568.888889 568.888889 512.000000
445.217391 602.352941 465.454545
568.888889 465.454545 568.888889
487.619048 487.619048 568.888889
602.352941 512.000000 538.947368
512.000000 465.454545 602.352941
512.000000 426.666667 512.000000
568.888889 487.619048 465.454545
487.619048 538.947368 568.888889
445.217391 445.217391 445.217391
568.888889 568.888889 487.619048
465.454545 602.352941 487.619048
512.000000 512.000000 538.947368
538.947368 487.619048 538.947368
426.666667 538.947368 568.888889
538.947368 538.947368 602.352941
487.619048 538.947368 487.619048
568.888889 538.947368 487.619048
538.947368 538.947368 538.947368
602.352941 426.666667 568.888889
465.454545 512.000000 640.000000
602.352941 568.888889 487.619048
568.888889 465.454545 512.000000
538.947368 487.619048 640.000000
487.619048 465.454545 640.000000
568.888889 682.666667 640.000000
568.888889 487.619048 487.619048
512.000000 487.619048 445.217391
512.000000 465.454545 538.947368
512.000000 568.888889 465.454545
512.000000 487.619048 465.454545
465.454545 487.619048 512.000000
512.000000 487.619048 640.000000
568.888889 538.947368 512.000000
512.000000 538.947368 640.000000
487.619048 538.947368 512.000000
487.619048 512.000000 445.217391
538.947368 487.619048 445.217391
538.947368 538.947368 512.000000
426.666667 640.000000 538.947368
568.888889 568.888889 445.217391
568.888889 512.000000 512.000000
512.000000 512.000000 512.000000
640.000000 602.352941 465.454545
640.000000 568.888889 487.619048
538.947368 465.454545 512.000000
602.352941 512.000000 426.666667
512.000000 640.000000 512.000000
512.000000 602.352941 538.947368
538.947368 602.352941 640.000000
512.000000 568.888889 512.000000
568.888889 602.352941 538.947368
538.947368 538.947368 538.947368
487.619048 602.352941 568.888889
568.888889 512.000000 602.352941
731.428571 602.352941 538.947368
538.947368 682.666667 538.947368
568.888889 640.000000 568.888889
445.217391 512.000000 445.217391
602.352941 538.947368 538.947368
512.000000 512.000000 538.947368
568.888889 682.666667 487.619048
445.217391 602.352941 487.619048
682.666667 602.352941 568.888889
568.888889 487.619048 538.947368
538.947368 538.947368 568.888889
602.352941 512.000000 512.000000
538.947368 568.888889 538.947368
568.888889 568.888889 512.000000
731.428571 602.352941 512.000000
487.619048 602.352941 602.352941
538.947368 568.888889 512.000000
602.352941 602.352941 538.947368
568.888889 465.454545 538.947368
465.454545 487.619048 512.000000
487.619048 538.947368 445.217391
445.217391 538.947368 568.888889
426.666667 487.619048 568.888889
538.947368 445.217391 465.454545
465.454545 538.947368 602.352941
487.619048 445.217391 568.888889
602.352941 538.947368 445.217391
568.888889 445.217391 465.454545
538.947368 487.619048 465.454545
465.454545 682.666667 568.888889
445.217391 538.947368 602.352941
568.888889 512.000000 538.947368
487.619048 465.454545 568.888889
487.619048 538.947368 568.888889
487.619048 512.000000 538.947368
568.888889 568.888889 568.888889
602.352941 602.352941 602.352941
568.888889 640.000000 568.888889
640.000000 487.619048 512.000000
487.619048 465.454545 465.454545
512.000000 465.454545 602.352941
602.352941 465.454545 512.000000
445.217391 602.352941 512.000000
602.352941 512.000000 445.217391
512.000000 512.000000 512.000000
512.000000 602.352941 568.888889
512.000000 538.947368 538.947368
426.666667 538.947368 426.666667
602.352941 682.666667 487.619048
426.666667 512.000000 426.666667
538.947368 538.947368 568.888889
465.454545 602.352941 512.000000
538.947368 538.947368 568.888889
487.619048 512.000000 640.000000
538.947368 602.352941 487.619048
568.888889 602.352941 640.000000
568.888889 487.619048 512.000000
512.000000 512.000000 538.947368
512.000000 602.352941 538.947368
487.619048 640.000000 426.666667
538.947368 538.947368 602.352941
538.947368 487.619048 568.888889
512.000000 568.888889 487.619048
568.888889 487.619048 568.888889
602.352941 538.947368 602.352941
538.947368 568.888889 568.888889
512.000000 538.947368 512.000000
538.947368 640.000000 602.352941
512.000000 512.000000 538.947368
538.947368 465.454545 512.000000
465.454545 682.666667 538.947368
538.947368 512.000000 568.888889
538.947368 538.947368 538.947368
409.600000 487.619048 538.947368
568.888889 487.619048 512.000000
512.000000 487.619048 512.000000
568.888889 512.000000 682.666667
487.619048 512.000000 512.000000
465.454545 465.454545 445.217391
538.947368 568.888889 538.947368
538.947368 465.454545 487.619048
538.947368 602.352941 487.619048
568.888889 640.000000 487.619048
445.217391 568.888889 538.947368
568.888889 568.888889 487.619048
487.619048 538.947368 512.000000
568.888889 465.454545 568.888889
538.947368 682.666667 409.600000
512.000000 512.000000 512.000000
487.619048 512.000000 538.947368
512.000000 602.352941 512.000000
487.619048 445.217391 568.888889
465.454545 512.000000 538.947368
512.000000 487.619048 465.454545
640.000000 465.454545 640.000000
568.888889 445.217391 602.352941
465.454545 538.947368 445.217391
640.000000 512.000000 465.454545
512.000000 512.000000 465.454545
640.000000 445.217391 487.619048
568.888889 538.947368 512.000000
538.947368 568.888889 512.000000
640.000000 538.947368 538.947368
538.947368 465.454545 487.619048
602.352941 538.947368 538.947368
602.352941 602.352941 640.000000
640.000000 602.352941 487.619048
640.000000 682.666667 568.888889
512.000000 538.947368 445.217391
602.352941 640.000000 568.888889
465.454545 568.888889 445.217391
465.454545 538.947368 512.000000
602.352941 538.947368 538.947368
568.888889 465.454545 538.947368
445.217391 602.352941 682.666667
568.888889 602.352941 568.888889
512.000000 602.352941 640.000000
465.454545 409.600000 465.454545
602.352941 568.888889 602.352941
487.619048 487.619048 445.217391
568.888889 568.888889 568.888889
487.619048 568.888889 538.947368
512.000000 568.888889 602.352941
465.454545 512.000000 512.000000
445.217391 465.454545 682.666667
465.454545 538.947368 465.454545
465.454545 512.000000 640.000000
465.454545 445.217391 445.217391
465.454545 602.352941 538.947368
409.600000 512.000000 682.666667
538.947368 602.352941 465.454545
465.454545 409.600000 487.619048
568.888889 512.000000 602.352941
512.000000 602.352941 445.217391
538.947368 568.888889 445.217391
487.619048 602.352941 487.619048
568.888889 538.947368 538.947368
538.947368 602.352941 512.000000
465.454545 538.947368 512.000000
538.947368 568.888889 487.619048
682.666667 568.888889 568.888889
487.619048 393.846154 512.000000
640.000000 465.454545 445.217391
602.352941 568.888889 538.947368
487.619048 602.352941 487.619048
568.888889 568.888889 445.217391
640.000000 538.947368 640.000000
538.947368 512.000000 487.619048
538.947368 487.619048 512.000000
487.619048 512.000000 487.619048
602.352941 512.000000 487.619048
487.619048 426.666667 568.888889
512.000000 465.454545 512.000000
602.352941 568.888889 426.666667
512.000000 538.947368 512.000000
512.000000 568.888889 409.600000
602.352941 568.888889 465.454545
465.454545 568.888889 568.888889
487.619048 640.000000 512.000000
568.888889 568.888889 487.619048
538.947368 538.947368 602.352941
568.888889 487.619048 465.454545
602.352941 512.000000 465.454545
465.454545 512.000000 538.947368
512.000000 487.619048 426.666667
538.947368 538.947368 512.000000
487.619048 602.352941 538.947368
512.000000 602.352941 445.217391
568.888889 568.888889 568.888889
465.454545 538.947368 538.947368
512.000000 487.619048 640.000000
568.888889 512.000000 602.352941
538.947368 568.888889 568.888889
568.888889 568.888889 602.352941
568.888889 512.000000 602.352941
602.352941 602.352941 512.000000
538.947368 512.000000 568.888889
512.000000 538.947368 568.888889
487.619048 538.947368 487.619048
568.888889 602.352941 682.666667
487.619048 487.619048 512.000000
465.454545 538.947368 487.619048
512.000000 568.888889 568.888889
512.000000 487.619048 487.619048
445.217391 538.947368 445.217391
538.947368 487.619048 512.000000
538.947368 465.454545 487.619048
465.454545 512.000000 445.217391
487.619048 487.619048 602.352941
568.888889 538.947368 487.619048
602.352941 445.217391 640.000000
512.000000 568.888889 602.352941
568.888889 512.000000 602.352941
487.619048 538.947368 538.947368
445.217391 465.454545 538.947368
445.217391 465.454545 487.619048
640.000000 640.000000 512.000000
445.217391 602.352941 731.428571
487.619048 487.619048 538.947368
512.000000 409.600000 682.666667
487.619048 538.947368 445.217391
602.352941 465.454545 465.454545
568.888889 512.000000 426.666667
568.888889 445.217391 487.619048
640.000000 640.000000 568.888889
445.217391 465.454545 568.888889
512.000000 538.947368 568.888889
682.666667 568.888889 538.947368
602.352941 512.000000 568.888889
682.666667 512.000000 538.947368
512.000000 487.619048 602.352941
568.888889 465.454545 640.000000
568.888889 538.947368 602.352941
568.888889 640.000000 465.454545
512.000000 640.000000 602.352941
512.000000 568.888889 487.619048
487.619048 465.454545 512.000000
512.000000 538.947368 445.217391
602.352941 568.888889 538.947368
602.352941 568.888889 512.000000
512.000000 538.947368 568.888889
568.888889 682.666667 602.352941
512.000000 465.454545 682.666667
568.888889 568.888889 465.454545
465.454545 538.947368 445.217391
602.352941 512.000000 568.888889
568.888889 512.000000 538.947368
538.947368 568.888889 602.352941
568.888889 512.000000 568.888889
487.619048 568.888889 445.217391
512.000000 538.947368 512.000000
538.947368 487.619048 538.947368
538.947368 538.947368 602.352941
465.454545 487.619048 512.000000
487.619048 568.888889 465.454545
538.947368 640.000000 568.888889
538.947368 409.600000 465.454545
538.947368 487.619048 538.947368
568.888889 568.888889 487.619048
512.000000 465.454545 445.217391
487.619048 568.888889 640.000000
465.454545 426.666667 487.619048
512.000000 512.000000 538.947368
445.217391 568.888889 568.888889
512.000000 465.454545 426.666667
512.000000 602.352941 538.947368
487.619048 465.454545 512.000000
445.217391 512.000000 487.619048
465.454545 465.454545 568.888889
568.888889 682.666667 512.000000
538.947368 465.454545 640.000000
512.000000 568.888889 445.217391
445.217391 512.000000 487.619048
465.454545 465.454545 512.000000
512.000000 538.947368 487.619048
487.619048 682.666667 568.888889
682.666667 487.619048 568.888889
568.888889 538.947368 568.888889
538.947368 538.947368 487.619048
465.454545 487.619048 568.888889
465.454545 538.947368 640.000000
640.000000 512.000000 465.454545
602.352941 487.619048 568.888889
512.000000 568.888889 538.947368
538.947368 487.619048 487.619048
487.619048 538.947368 538.947368
512.000000 602.352941 445.217391
568.888889 568.888889 538.947368
487.619048 465.454545 602.352941
512.000000 538.947368 538.947368
512.000000 487.619048 512.000000
487.619048 465.454545 538.947368
538.947368 568.888889 487.619048
640.000000 512.000000 568.888889
538.947368 487.619048 512.000000
602.352941 393.846154 426.666667
512.000000 640.000000 568.888889
568.888889 487.619048 465.454545
512.000000 512.000000 568.888889
487.619048 602.352941 568.888889
538.947368 640.000000 568.888889
487.619048 512.000000 465.454545
487.619048 512.000000 426.666667
445.217391 538.947368 602.352941
445.217391 568.888889 568.888889
512.000000 512.000000 487.619048
487.619048 512.000000 465.454545
538.947368 465.454545 602.352941
487.619048 602.352941 512.000000
512.000000 445.217391 445.217391
512.000000 487.619048 602.352941
602.352941 538.947368 512.000000
512.000000 445.217391 568.888889
465.454545 487.619048 538.947368
568.888889 538.947368 538.947368
512.000000 487.619048 568.888889
512.000000 445.217391 568.888889
465.454545 426.666667 538.947368
538.947368 538.947368 602.352941
512.000000 512.000000 538.947368
538.947368 512.000000 538.947368
538.947368 538.947368 602.352941
487.619048 602.352941 487.619048
512.000000 465.454545 487.619048
568.888889 538.947368 538.947368
465.454545 512.000000 487.619048
602.352941 512.000000 568.888889
602.352941 487.619048 393.846154
465.454545 568.888889 465.454545
512.000000 465.454545 512.000000
602.352941 512.000000 465.454545
538.947368 568.888889 568.888889
602.352941 568.888889 568.888889
682.666667 538.947368 568.888889
465.454545 465.454545 538.947368
487.619048 512.000000 512.000000
465.454545 538.947368 568.888889
538.947368 602.352941 568.888889
602.352941 487.619048 568.888889
487.619048 538.947368 568.888889
512.000000 640.000000 487.619048
538.947368 445.217391 602.352941
568.888889 538.947368 538.947368
568.888889 538.947368 538.947368
512.000000 445.217391 512.000000
568.888889 512.000000 512.000000
538.947368 602.352941 568.888889
602.352941 568.888889 512.000000
487.619048 568.888889 445.217391
465.454545 568.888889 602.352941
538.947368 393.846154 512.000000
568.888889 538.947368 487.619048
445.217391 512.000000 568.888889
568.888889 602.352941 512.000000
465.454545 682.666667 602.352941
538.947368 512.000000 487.619048
445.217391 426.666667 487.619048
568.888889 487.619048 512.000000
568.888889 568.888889 445.217391
568.888889 445.217391 465.454545
731.428571 640.000000 445.217391
445.217391 682.666667 568.888889
465.454545 538.947368 538.947368
487.619048 465.454545 512.000000
568.888889 445.217391 487.619048
640.000000 568.888889 640.000000
538.947368 512.000000 487.619048
512.000000 538.947368 445.217391
682.666667 568.888889 465.454545
512.000000 512.000000 512.000000
426.666667 568.888889 426.666667
512.000000 602.352941 512.000000
487.619048 568.888889 487.619048
465.454545 568.888889 568.888889
640.000000 568.888889 568.888889
465.454545 487.619048 445.217391
602.352941 538.947368 512.000000
512.000000 640.000000 568.888889
445.217391 445.217391 487.619048
538.947368 538.947368 640.000000
512.000000 487.619048 538.947368
426.666667 487.619048 445.217391
682.666667 568.888889 538.947368
602.352941 538.947368 512.000000
568.888889 465.454545 538.947368
538.947368 602.352941 602.352941
568.888889 602.352941 512.000000
538.947368 568.888889 602.352941
487.619048 487.619048 512.000000
538.947368 512.000000 512.000000
682.666667 568.888889 568.888889
538.947368 682.666667 512.000000
487.619048 512.000000 487.619048
512.000000 568.888889 602.352941
602.352941 465.454545 465.454545
602.352941 465.454545 602.352941
568.888889 602.352941 512.000000
602.352941 538.947368 538.947368
512.000000 465.454545 465.454545
568.888889 512.000000 640.000000
602.352941 602.352941 512.000000
568.888889 568.888889 640.000000
426.666667 538.947368 682.666667
487.619048 568.888889 445.217391
682.666667 602.352941 538.947368
568.888889 409.600000 538.947368
512.000000 538.947368 487.619048
568.888889 538.947368 538.947368
487.619048 538.947368 568.888889
465.454545 512.000000 568.888889
568.888889 445.217391 512.000000
568.888889 409.600000 487.619048
568.888889 568.888889 512.000000
512.000000 538.947368 445.217391
602.352941 426.666667 602.352941
568.888889 487.619048 487.619048
538.947368 445.217391 512.000000
465.454545 602.352941 538.947368
568.888889 487.619048 426.666667
568.888889 487.619048 465.454545
487.619048 568.888889 512.000000
445.217391 682.666667 512.000000
538.947368 538.947368 568.888889
568.888889 465.454545 602.352941
602.352941 512.000000 602.352941
538.947368 445.217391 538.947368
487.619048 512.000000 487.619048
487.619048 602.352941 487.619048
512.000000 512.000000 487.619048
640.000000 568.888889 445.217391
487.619048 538.947368 640.000000
487.619048 568.888889 602.352941
602.352941 538.947368 512.000000
640.000000 512.000000 487.619048
538.947368 487.619048 568.888889
512.000000 538.947368 445.217391
512.000000 512.000000 602.352941
487.619048 602.352941 602.352941
465.454545 487.619048 640.000000
538.947368 602.352941 487.619048
512.000000 602.352941 487.619048
538.947368 512.000000 640.000000
409.600000 568.888889 465.454545
538.947368 538.947368 512.000000
640.000000 640.000000 465.454545
538.947368 568.888889 538.947368
602.352941 538.947368 393.846154
445.217391 487.619048 487.619048
538.947368 512.000000 602.352941
445.217391 487.619048 538.947368
